1010101010101010101010101010101010101010101010101010101010101010
1010101010101010101010101010101010101010101010101010101010101010
1010101010101010101010101010101010101010101010101010101010101010
1010101010101010101010101010101010101010101010101010101010101010
1010101010101010101010101010101010101010101010101010101010101010
1010101010101010101010101010101010101010101010101010101010101010
1010101010101010101010101010101010101010101010101010101010101010
1010101010101010101010101010101010101010101010101010101010101010
1101001110010001110100111001000111010011100100011101001110010001
0100100001001011010001110100001100110010001100000011001000110110
0000000000000001000000010000000000000000000000000000000111111111
0000111000101010001100110101001010101010110000111101111111100001
0001111010001010110010100000000111011011000010010111111000001111
1001010001010000011000011001101111011001011000110110110101101010
1011101101001111111000100100011001010110000010001110000011000001
1100110110011011100011101011100101001000010000010101011101001011
0100000101010010001000000100100101001110010101000100010101010010
0101001101010100010001010100110001001100010000010101001000100000
0100001101010101010011000101010001010101010100100100000101001100
0010000001010100010001010101001101010100010010010100110101001111
0100111001011001000010100100111101010010010010010100011101001001
0100111000111101010001010100000101010010010101000100100000001010
0100010001000001010101000100010100111101001100100011000000110010
0011011000101101001100010011000000101101001100000011011000001010
0101010001000001010100100100011101000101010101000011110101010011
0100000101000111010010010101010001010100010000010101001001001001
0101010101010011010111110100000101011111010100110101010001000001
0101001001011111010001110100000101001100010000010100001101010100
0100100101000011010111110100001101000101010011100101010001000101
0101001000001010010100100100000101011111010010010100001101010010
0101001101011111010001000100010101000111001111010011001000110110
0011011000101110001101000011000100110110001110000011001100110111
0011000000111000001100110011001100110011001100110011001100110101
0000101001000100010001010100001101011111010010010100001101010010
0101001101011111010001000100010101000111001111010010110100110010
0011100100101110001100000011000000110111001110000011000100110000
0011010100110101001101010011010100110101001101010011010100110101
0011010100001010010100110101010101000010010010100100010101000011
0101010000111101010100110100001101001111010101000101010001011111
0101000001001001010011000100011101010010010010010100110101011111
0101011001010011010111110101010001001000010001010101111101010111
0100111101010010010011000100010001011111001100100011000000110001
0011000000001010010011010100010101010011010100110100000101000111
0100010100111101010011010100000101001110010110010101111101001000
0101010101001101010000010100111001010011010111110101000001010010
0100000101001001010100110100010101000100010111110101010001001000
0100100101010011010111110100011001001001010011000100110100101110
0101111101001000010000010101011101001011010000010101001001011111
0100011001001111010101010100111001000100010111110100100101010100
0101111101010011010011110101111101001111010101100100010101010010
0101011001000001010011000101010101000101010001000101111101000001
0100111001000100010111110100000101000101010100110101010001001000
0100010101010100010010010100001101000001010011000100110001011001
0101111101010010010001010101000001010101010011000101001101001001
0101011001000101010111110101010001001000010000010101010001011111
0100100001000101010111110100001101001111010101010100110001000100
0101111101001110010011110101010001011111010101100100111101001100
0101010101001110010101000100000101010010010010010100110001011001
0101111101000110010010010100111001001001010100110100100001011111
0101011101000001010101000100001101001000010010010100111001000111
0101111101001001010101000010111001011111010101000100100001001001
0101001101011111010010010101001101011111010100110101010101000010
0100101001000101010000110101010001001001010101100100010101011111
0101010001000101010100110101010001001001010011010100111101001110
0101100101011111010011100100111101010100010111110100000101001110
0101111101001111010000100100101001000101010000110101010001001001
0101011001000101010111110101010001001000010001010100111101010010
0100010101001101001011100101111101010000010100100100010101010011
0100010101010010010101100100010101011111010101000100100001000101
0101111101010010010001010100000101000011010101000100100101001111
0100111000101110000010100100011001001001010011100100000101001100
0101111101000111010000010101010001000101001111010101001101000011
0100111101010100010101000101111101010000010010010100110001000111
0101001001001001010011010101111101001111010101100100010101010010
0100100001011001010100000100010101011111010001110100000101010100
0100010100111010010000110100000101010100010000010101001101010100
0101001001001111010100000100100001001001010000110101111101010100
0100010101010010010011010100100101001110010000010100110001011111
0100011001000001010010010100110000001010010001010100111001000100
001111010011000100001010
